600004.SH,2017,0.2484,-1.1073,0.02,23.5993,0.3871,1.4901,0.1224,0.7069,2.6391,2.2328,28.3887,1.0
600006.SH,2017,0.3321,-0.6985,0.01,23.7915,0.6554,1.8571,0.0305,0.6382,2.8904,1.7784,29.5575,1.0
600007.SH,2017,0.1782,-1.5284,-0.04,23.1399,0.4525,2.8347,0.1016,0.8522,2.8904,0.2588,29.0781,0.0
600009.SH,2017,0.1852,-1.4813,0.01,24.017,0.1603,2.2588,0.1553,0.7037,2.9444,1.5257,28.3887,1.0
600010.SH,2017,0.2256,-1.2333,-0.03,25.6751,0.6646,1.9149,0.0427,0.6423,2.7726,1.5467,29.5575,1.0
600011.SH,2017,0.1001,-2.1961,-0.02,26.458,0.6873,0.9883,0.0247,0.8817,2.7726,0.3746,28.4807,1.0
600012.SH,2017,0.2017,-1.3755,-0.02,23.2975,0.282,2.3199,0.1212,0.8022,2.6391,1.0559,28.3887,1.0
600019.SH,2017,0.1996,-1.3889,-0.01,26.3142,0.5096,0.7948,0.1224,0.8605,2.8332,1.0001,29.5575,1.0
600020.SH,2017,0.2274,-1.2232,0.01,24.6019,0.7459,0.8212,0.0969,0.6131,2.6391,2.5653,28.3887,1.0
600021.SH,2017,0.1913,-1.4413,0.02,24.7406,0.7146,1.6386,0.0698,0.3952,2.6391,1.0299,28.4807,1.0
600022.SH,2017,0.2588,-1.0523,0.11,24.7199,0.5841,0.9302,0.1132,0.568,2.5649,3.0351,29.5575,1.0
600027.SH,2017,0.2816,-0.9363,0.04,26.0709,0.7314,0.81,0.0102,0.757,2.4849,0.6985,28.4807,1.0
600028.SH,2017,0.1022,-2.1728,0.01,28.0356,0.4445,0.7717,0.0714,0.9522,2.7726,0.3025,29.3693,1.0
600031.SH,2017,0.2640,-1.0253,-0.14,24.8432,0.619,1.9796,0.0869,0.5271,2.6391,2.2813,29.5575,0.0
600033.SH,2017,0.3088,-0.8059,-0.01,23.6116,0.4318,0.9303,0.0766,0.5563,2.7726,1.961,28.3887,1.0
600035.SH,2017,0.1835,-1.4927,0.02,22.9078,0.5111,2.0605,0.1031,0.6153,2.5649,1.0018,28.3887,1.0
600037.SH,2017,0.2093,-1.3293,0.05,23.4369,0.1587,1.6802,0.06,0.6314,2.7726,1.4867,27.4795,1.0
600038.SH,2017,0.1594,-1.6626,-0.07,23.7102,0.6432,4.0349,0.0649,0.7565,2.8332,2.5229,29.5575,1.0
600039.SH,2017,0.3920,-0.4388,0.01,24.874,0.8325,1.346,0.0968,0.6103,2.6391,2.1043,28.1093,1.0
600050.SH,2017,0.3817,-0.4824,0.04,27.1464,0.6257,0.6722,0.0049,0.6582,2.7081,2.1016,27.4795,1.0
600052.SH,2017,0.3227,-0.7415,-0.14,22.2255,0.5442,2.998,0.0862,0.4641,2.9957,1.5966,29.0781,0.0
600055.SH,2017,0.1903,-1.4480,0.17,21.5131,0.1568,3.7682,0.06,0.4154,2.9957,2.628,29.5575,0.0
600056.SH,2017,0.2573,-1.0601,-0.01,23.6948,0.6064,2.6465,0.177,0.7709,2.9957,1.393,29.5575,1.0
600057.SH,2017,0.3639,-0.5584,-0.01,24.247,0.6756,1.224,0.0904,0.7338,2.9957,1.4098,25.4649,1.0
600058.SH,2017,0.3443,-0.6440,-0.02,23.9456,0.7934,3.1495,0.0069,0.6868,2.9957,1.7489,28.0242,1.0
600063.SH,2017,0.4500,-0.2008,0.09,22.8881,0.5819,2.0916,0.0192,0.3666,2.9957,2.4769,29.5575,1.0
600064.SH,2017,0.4840,-0.0638,0.02,23.946,0.5842,1.24,0.0953,0.4668,2.9957,1.476,29.0781,1.0
600066.SH,2017,0.1784,-1.5270,0.12,24.283,0.6109,3.1706,0.2215,0.7378,2.9957,1.7237,29.5575,0.0
600067.SH,2017,0.3309,-0.7041,0.15,23.7127,0.6109,1.3814,0.0847,0.4292,2.9957,2.0976,29.0781,0.0
600070.SH,2017,0.2821,-0.9340,0.11,22.0199,0.3509,2.2068,0.0725,0.29,2.9957,2.2399,29.5575,0.0
600071.SH,2017,0.2584,-1.0543,0.16,20.6828,0.4879,11.4932,0.0824,0.4829,2.9957,2.4294,29.5575,1.0
600072.SH,2017,0.1361,-1.8480,0.05,23.1372,0.6392,3.1653,0.0084,0.4359,2.9957,11.7444,28.1093,1.0
600073.SH,2017,0.5228,0.0914,-0.05,23.1711,0.5552,2.0875,0.0821,0.4364,2.9957,2.4041,29.5575,1.0
600075.SH,2017,0.2612,-1.0400,-0.01,22.8665,0.4965,2.0126,0.1314,0.5505,2.9957,5.6199,29.5575,1.0
600076.SH,2017,0.2491,-1.1033,0.00,22.0115,0.1925,3.3165,0.1475,0.1972,2.9957,4.4744,29.5575,0.0
600079.SH,2017,0.2495,-1.1015,0.07,23.9977,0.5466,2.1412,0.1743,0.4811,2.9957,2.3055,29.5575,0.0
600080.SH,2017,0.2897,-0.8967,0.07,21.0907,0.2564,3.5711,0.0488,0.2949,2.9957,2.7683,29.5575,0.0
600088.SH,2017,0.4431,-0.2285,0.22,21.0311,0.2227,6.87,0.078,0.6237,2.9957,1.181,24.9917,1.0
600091.SH,2017,0.2243,-1.2406,0.28,20.9563,0.2955,5.9069,0.0063,0.237,2.9957,2.7513,29.5575,0.0
600093.SH,2017,0.2617,-1.0370,0.23,23.214,0.4434,2.4226,0.1266,0.3949,2.9957,2.8671,25.4649,0.0
600095.SH,2017,0.3176,-0.7650,-0.07,20.836,0.324,6.1688,0.0286,0.2156,2.9957,6.6117,29.5575,0.0
600096.SH,2017,0.4096,-0.3656,-0.01,24.9387,0.9248,2.4622,0.0495,0.6415,2.9957,2.0308,29.5575,1.0
600097.SH,2017,0.2101,-1.3244,0.07,21.2749,0.5243,5.3334,0.1402,0.6092,2.9957,4.5137,24.4528,1.0
600098.SH,2017,0.2264,-1.2286,-0.03,24.2876,0.4775,1.6576,0.0438,0.795,2.9957,1.4455,28.4807,1.0
600099.SH,2017,0.2984,-0.8548,0.05,20.1969,0.1971,8.7458,0.0041,0.4337,2.9957,4.7102,29.5575,1.0
600100.SH,2017,0.2411,-1.1466,-0.01,24.777,0.5738,1.6717,0.0048,0.2606,2.9957,2.0691,29.5575,1.0
600101.SH,2017,0.2780,-0.9546,-0.06,21.7598,0.2955,1.9667,0.0484,0.3669,2.9957,4.5585,28.4807,1.0
600105.SH,2017,0.4297,-0.2831,0.04,22.1402,0.3106,3.4333,0.111,0.4572,2.9957,1.9787,29.5575,0.0
600106.SH,2017,0.2683,-1.0030,0.03,22.6473,0.4908,1.8245,0.0796,0.3382,2.9957,2.997,28.3887,0.0
600107.SH,2017,0.3928,-0.4355,0.11,20.8938,0.5177,11.9095,0.0085,0.2359,2.9957,3.5047,29.5575,0.0
600108.SH,2017,0.3749,-0.5114,0.02,22.7769,0.3923,2.3507,0.0206,0.2989,2.9957,2.4123,24.4528,1.0
600110.SH,2017,0.1422,-1.7972,0.02,22.4598,0.6228,5.725,0.0965,0.154,2.9957,7.3401,29.5575,0.0
600112.SH,2017,0.2398,-1.1539,-0.14,21.7066,0.5687,4.8489,0.017,0.2199,2.9957,4.8515,29.5575,0.0
600113.SH,2017,0.4231,-0.3102,0.03,20.6377,0.3773,12.0995,0.1551,0.5022,2.9957,6.257,25.4649,1.0
600114.SH,2017,0.2253,-1.2350,0.13,21.7638,0.1487,3.0376,0.1248,0.5213,2.5649,2.553,29.5575,0.0
600115.SH,2017,0.1582,-1.6720,0.09,26.0706,0.7615,1.6796,0.1264,0.7999,2.9957,2.1298,28.3887,1.0
600116.SH,2017,0.3126,-0.7879,0.05,22.2605,0.4693,3.8012,0.1325,0.5269,2.9957,4.6442,28.4807,1.0
600117.SH,2017,0.1444,-1.7791,-0.01,24.0217,0.8673,1.6319,0.0206,0.5198,2.9957,7.4153,29.5575,1.0
600118.SH,2017,0.2054,-1.3530,0.15,23.1081,0.4703,6.4231,0.0816,0.5946,2.9957,1.747,29.5575,1.0
600119.SH,2017,0.3817,-0.4824,-0.26,21.7967,0.5787,4.9656,-0.1118,0.4072,2.9444,8.8732,28.3887,1.0
600120.SH,2017,0.2708,-0.9904,0.04,23.1452,0.4087,2.194,0.0776,0.5614,2.9957,3.5686,28.0242,1.0
600121.SH,2017,0.4022,-0.3962,0.16,23.0924,0.6528,1.4911,0.2044,0.6428,2.9444,2.2935,29.3693,1.0
600122.SH,2017,0.2523,-1.0866,-0.07,23.6733,0.539,1.5953,0.0726,0.4438,2.9444,2.495,28.0242,0.0
600125.SH,2017,0.3364,-0.6796,0.02,22.739,0.3294,2.0954,0.0644,0.3726,2.9444,8.94,28.3887,1.0
600126.SH,2017,0.2879,-0.9054,0.01,23.9643,0.4134,1.4555,0.114,0.7002,2.9444,2.215,29.5575,1.0
600127.SH,2017,0.3231,-0.7395,0.09,21.3187,0.5667,5.4304,0.0146,0.2891,2.9444,2.8816,29.5575,1.0
600128.SH,2017,0.6093,0.4443,-0.22,21.8279,0.4664,2.3304,0.0088,0.2881,2.9957,3.5809,28.0242,1.0
600129.SH,2017,0.4643,-0.1430,0.06,22.9661,0.8645,5.7376,0.0774,0.5673,2.9957,1.9248,29.5575,1.0
600130.SH,2017,0.2504,-1.0967,-0.25,21.0821,0.3049,7.4703,-0.1662,0.2626,2.8332,5.5756,29.5575,0.0
600131.SH,2017,0.2377,-1.1654,0.19,21.59,0.5652,5.2581,0.0746,0.3985,2.9444,3.3217,28.4807,1.0
600132.SH,2017,0.1162,-2.0286,-0.11,21.9369,0.6309,7.1878,0.2829,0.7616,2.9957,1.786,29.5575,0.0
600135.SH,2017,0.3199,-0.7543,0.08,21.445,0.1949,3.0887,0.0353,0.3499,2.9444,9.3302,29.5575,1.0
600136.SH,2017,0.3457,-0.6380,0.37,21.9986,0.31,3.2405,0.0521,0.427,2.9444,1.9077,24.9917,0.0
600138.SH,2017,0.3169,-0.7681,0.26,23.1166,0.3873,2.2624,0.1071,0.5608,2.9957,2.0256,25.4649,1.0
600139.SH,2017,0.2379,-1.1643,-0.51,22.5274,0.7358,4.6106,-0.8381,0.4216,2.9444,5.8777,29.5575,0.0
600141.SH,2017,0.3507,-0.6162,0.02,23.7858,0.689,1.1718,0.0535,0.4772,2.8904,5.7032,29.5575,1.0
600148.SH,2017,0.1110,-2.0806,0.08,20.6745,0.5363,8.9696,0.0467,0.5605,2.9444,12.6474,29.5575,1.0
600149.SH,2017,0.4359,-0.2578,0.09,19.156,0.1177,48.3732,0.1051,0.3645,2.8904,8.6957,25.5147,1.0
600150.SH,2017,0.2640,-1.0254,-0.22,24.6838,0.6788,2.257,-0.1594,0.649,2.9444,2.5778,29.5575,1.0
600151.SH,2017,0.3489,-0.6239,0.03,23.348,0.5465,2.5139,-0.0523,0.5022,2.9444,1.325,29.5575,1.0
600152.SH,2017,0.2548,-1.0731,0.16,20.7751,0.4644,6.503,0.0179,0.3756,2.9444,5.2992,29.5575,0.0
600153.SH,2017,0.1233,-1.9616,0.19,25.5629,0.7419,0.9297,0.1483,0.637,2.9444,2.3269,28.0242,1.0
600158.SH,2017,0.3214,-0.7472,-0.24,22.0101,0.4873,10.7122,0.0362,0.107,2.9444,5.4856,29.0781,1.0
600159.SH,2017,0.4559,-0.1768,0.06,21.7647,0.212,1.9852,0.0095,0.4876,2.9444,3.0743,29.0781,1.0
600160.SH,2017,0.1952,-1.4168,0.12,23.1965,0.1199,2.1402,0.0882,0.6078,2.9444,3.9026,29.5575,1.0
600161.SH,2017,0.1887,-1.4588,0.23,22.4782,0.5779,8.3202,0.4152,0.6416,2.9444,1.7925,29.5575,1.0
600163.SH,2017,0.2923,-0.8844,0.06,21.8561,0.4685,3.319,0.0926,0.4479,2.9444,1.8254,28.4807,1.0
600166.SH,2017,0.2701,-0.9939,-0.02,24.7106,0.6463,1.081,0.0059,0.4255,2.9444,2.462,29.5575,1.0
600167.SH,2017,0.0924,-2.2850,0.20,22.5933,0.6132,4.5035,0.1784,0.5486,2.8904,2.4642,28.4807,0.0
600169.SH,2017,0.4423,-0.2319,-0.12,24.0928,0.8585,2.5132,0.0127,0.445,2.9444,2.2178,29.5575,1.0
600170.SH,2017,0.3454,-0.6393,0.08,25.8844,0.8523,1.3095,0.1072,0.6478,2.9444,1.285,28.1093,1.0
600172.SH,2017,0.2585,-1.0536,0.08,22.8708,0.4441,2.9763,0.0108,0.3453,2.9444,3.4899,29.5575,0.0
600175.SH,2017,0.1742,-1.5561,-0.11,23.5605,0.3434,1.5798,0.0054,0.2048,2.8904,2.3414,25.5147,0.0
600176.SH,2017,0.2375,-1.1665,-0.18,23.8985,0.5384,2.1662,0.1838,0.6696,2.8904,3.1114,29.5575,1.0
600177.SH,2017,0.2468,-1.1159,-0.06,24.8808,0.6418,1.5623,0.0123,0.5235,2.9444,1.1314,29.0781,0.0
600178.SH,2017,0.1483,-1.7481,-0.08,22.1961,0.5803,2.7869,0.0231,0.5162,2.9444,5.7822,29.5575,1.0
600185.SH,2017,0.3348,-0.6866,0.54,23.9957,0.721,1.6267,0.0864,0.6605,2.8904,2.4456,29.0781,1.0
600186.SH,2017,0.4386,-0.2470,0.03,21.4535,0.9856,183.0055,-1.2047,0.1504,2.9444,2.2875,29.5575,0.0
600187.SH,2017,0.4073,-0.3752,-0.00,22.1483,0.3452,2.8817,0.0055,0.1924,2.9444,4.6604,28.4807,0.0
600189.SH,2017,0.3488,-0.6245,-0.11,22.1162,0.6423,2.5976,0.0069,0.0438,2.9444,4.4081,29.5575,1.0
600190.SH,2017,0.2121,-1.3123,-0.01,23.2278,0.5081,1.3647,0.024,0.765,2.8904,1.6767,28.3887,0.0
600191.SH,2017,0.1509,-1.7277,0.07,21.6662,0.1437,3.0703,0.0054,0.5769,2.9444,7.3702,29.5575,0.0
600193.SH,2017,0.3463,-0.6352,-0.20,19.5234,0.1441,17.1255,-0.356,0.3369,2.8904,3.0362,28.1093,0.0
600195.SH,2017,0.2691,-0.9994,0.09,22.5201,0.3874,2.4723,0.1111,0.6745,2.8904,1.5491,29.5575,1.0
600197.SH,2017,0.2223,-1.2521,0.04,21.7224,0.2878,3.3034,0.1744,0.6635,2.8904,5.1247,29.5575,1.0
600198.SH,2017,0.2097,-1.3268,-0.19,23.2077,0.7888,5.5253,0.0,0.4217,2.9444,4.6942,29.5575,1.0
600199.SH,2017,0.3310,-0.7035,0.27,21.9087,0.3139,2.2726,0.0036,0.3876,2.9444,5.0829,29.5575,1.0
600200.SH,2017,0.4372,-0.2525,0.01,22.3795,0.4335,4.696,0.0454,0.2104,2.8904,2.6938,25.5147,0.0
600201.SH,2017,0.2328,-1.1926,0.13,22.1929,0.1369,5.1615,0.2135,0.3419,2.8904,1.8217,29.5575,0.0
600202.SH,2017,0.3686,-0.5384,-0.31,21.3729,0.6432,6.7894,-0.1369,0.3903,2.8904,4.4344,29.5575,1.0
600203.SH,2017,0.2512,-1.0921,-0.02,22.3713,0.5493,2.2881,-0.0526,0.3796,2.8904,3.2473,28.0242,1.0
600206.SH,2017,0.2170,-1.2830,0.05,21.8986,0.0845,2.8117,0.0154,0.4156,2.8904,6.9823,29.5575,1.0
600208.SH,2017,0.1034,-2.1602,-0.19,25.4379,0.732,1.1965,0.1084,0.5696,2.8904,1.123,29.0781,0.0
600209.SH,2017,0.1878,-1.4641,-0.01,20.6283,0.183,7.5814,-0.0711,0.309,2.8904,12.8677,28.1093,0.0
600210.SH,2017,0.2826,-0.9316,0.02,23.1058,0.5843,1.8221,0.1296,0.2221,2.8904,3.723,29.5575,0.0
600211.SH,2017,0.2282,-1.2186,0.08,21.5521,0.7127,11.9756,0.1462,0.6028,2.8904,1.8646,29.5575,0.0
600213.SH,2017,0.4083,-0.3710,0.02,22.2593,0.956,16.7838,0.2817,0.5229,2.8904,5.433,29.5575,1.0
600216.SH,2017,0.2507,-1.0949,0.04,22.8996,0.2068,1.7462,0.0357,0.5222,2.8904,2.8146,29.5575,0.0
600219.SH,2017,0.1093,-2.0982,0.01,24.4771,0.2146,0.8527,0.0501,0.439,2.8904,3.8357,29.5575,0.0
600220.SH,2017,0.4511,-0.1964,0.08,22.2279,0.5106,3.5121,0.0601,0.1354,2.8904,1.4662,29.5575,0.0
600221.SH,2017,0.3113,-0.7943,0.03,25.7215,0.5418,0.8124,0.0591,0.5755,2.8904,1.256,28.3887,1.0
600225.SH,2017,0.3562,-0.5920,-0.05,23.4455,0.8989,4.0376,0.14,0.5777,2.8332,1.2325,29.0781,1.0
600226.SH,2017,0.2355,-1.1773,0.09,21.9385,0.4932,6.6979,0.0739,0.1339,2.8904,1.9153,29.5575,0.0
600227.SH,2017,0.3236,-0.7372,0.05,22.6994,0.3522,2.6937,0.0082,0.4372,2.8332,1.838,29.5575,0.0
600229.SH,2017,0.5984,0.3986,0.14,21.7852,0.2533,3.7001,0.1483,0.3887,2.8332,1.5759,24.9917,1.0
600231.SH,2017,0.1215,-1.9781,0.01,23.4576,0.6609,1.3072,0.208,0.5896,2.8332,8.1188,29.5575,1.0
600232.SH,2017,0.3333,-0.6933,0.04,21.2374,0.2832,3.8764,0.0216,0.5326,2.8332,3.0946,29.5575,0.0
600233.SH,2017,0.2243,-1.2409,0.05,23.1363,0.2653,8.7642,0.1656,0.8006,2.8332,4.7913,28.3887,0.0
600235.SH,2017,0.5359,0.1440,0.02,21.5531,0.4427,2.9167,0.0151,0.3728,2.8332,3.335,29.5575,1.0
600236.SH,2017,0.2056,-1.3517,0.01,24.4009,0.6173,2.4437,0.1798,0.8438,2.8332,0.5398,28.4807,1.0
600238.SH,2017,0.2568,-1.0629,0.17,21.2778,0.5033,6.396,-0.1309,0.3969,2.8332,1.7383,29.5575,0.0
600240.SH,2017,0.3150,-0.7770,-0.15,23.6936,0.7095,2.7006,0.1598,0.4943,2.8332,1.7756,29.0781,0.0
600241.SH,2017,0.2147,-1.2971,0.01,21.5216,0.7003,5.2506,0.0307,0.5247,2.8332,5.1011,28.0242,1.0
600243.SH,2017,0.2718,-0.9855,0.01,21.8234,0.381,2.4986,0.012,0.2205,2.8332,5.7483,29.5575,0.0
600246.SH,2017,0.2720,-0.9843,-0.22,23.3766,0.5174,1.7323,0.0526,0.5412,2.8332,1.9708,29.0781,0.0
600248.SH,2017,0.3635,-0.5602,-0.02,22.4149,0.6451,2.2661,0.0675,0.586,2.8332,1.6083,28.1093,1.0
600249.SH,2017,0.1529,-1.7117,-0.03,21.9101,0.3859,2.501,-0.0749,0.2774,2.5649,11.738,29.5575,1.0
600250.SH,2017,0.3241,-0.7351,0.17,21.2621,0.8313,13.9678,0.2373,0.1138,2.7726,1.6788,28.0242,1.0
600251.SH,2017,0.3425,-0.6523,0.15,22.0404,0.4328,3.0065,0.0442,0.5387,2.6391,4.574,29.5575,1.0
600256.SH,2017,0.1376,-1.8355,-0.06,24.4922,0.6999,1.875,0.0577,0.5852,2.8332,1.7476,29.3693,0.0
600258.SH,2017,0.2711,-0.9892,-0.06,23.5736,0.595,1.5611,0.0898,0.8902,2.8332,2.3719,24.8722,1.0
600259.SH,2017,0.2198,-1.2668,-0.05,22.212,0.5237,6.0752,0.0105,0.5428,2.8332,6.8498,29.3693,1.0
600260.SH,2017,0.3175,-0.7652,-0.11,23.3555,0.7585,3.0734,0.1925,0.3304,2.8332,5.5014,29.5575,0.0
600266.SH,2017,0.1833,-1.4943,0.21,25.0548,0.7232,0.9921,0.0748,0.5447,2.8904,3.9473,29.0781,1.0
600267.SH,2017,0.3725,-0.5216,-0.03,23.7562,0.6127,1.5793,0.002,0.5862,2.8332,1.558,29.5575,1.0
600269.SH,2017,0.4624,-0.1506,0.02,24.1896,0.5102,0.749,0.0686,0.5418,2.8332,1.8133,28.3887,1.0
600273.SH,2017,0.3314,-0.7020,0.06,22.6413,0.4153,3.1537,0.1928,0.5073,2.6391,3.395,29.5575,0.0
600278.SH,2017,0.2324,-1.1950,0.02,22.7076,0.5213,2.4479,0.0477,0.7073,2.8332,2.2432,28.0242,1.0
600279.SH,2017,0.5169,0.0675,0.10,22.7605,0.4424,1.17,0.1389,0.4213,2.8332,4.3182,28.3887,1.0
600280.SH,2017,0.2660,-1.0149,-0.01,23.5184,0.8919,5.5879,0.1309,0.2137,2.8332,1.7867,28.0242,0.0
600281.SH,2017,0.2381,-1.1632,0.09,21.4742,0.7324,6.786,0.0137,0.4495,2.8332,3.2842,29.5575,1.0
600282.SH,2017,0.2517,-1.0894,0.02,24.2585,0.8019,1.8073,0.368,0.5949,2.8332,5.0706,29.5575,0.0
600283.SH,2017,0.2242,-1.2411,0.02,22.4199,0.6628,2.3695,0.0409,0.5348,2.8332,3.3939,28.4807,1.0
600284.SH,2017,0.2277,-1.2214,-0.01,23.1289,0.5045,1.6641,0.069,0.3686,2.5649,2.829,28.1093,1.0
600285.SH,2017,0.3763,-0.5054,0.06,21.8157,0.2916,3.5783,0.1018,0.4038,2.8332,2.4584,29.5575,0.0
600288.SH,2017,0.4741,-0.1037,0.02,21.847,0.3939,3.5164,0.0229,0.0019,2.8332,4.7531,29.5575,0.0
600289.SH,2017,0.4522,-0.1917,-0.18,22.1453,0.2217,2.5328,-1.2463,0.315,2.8332,1.5308,27.4795,0.0
600290.SH,2017,0.1423,-1.7965,-0.11,22.6672,0.4046,2.4425,0.0145,0.3738,2.8332,2.7812,29.5575,0.0
600292.SH,2017,0.4378,-0.2499,0.09,22.8863,0.4057,1.8687,0.0223,0.5409,2.8332,2.3217,23.6253,1.0
600293.SH,2017,0.2859,-0.9153,0.14,22.5586,0.4545,4.1357,0.1131,0.3669,2.8332,3.0648,28.0242,0.0
600295.SH,2017,0.1040,-2.1537,-0.05,24.5358,0.6903,0.6183,0.0691,0.6867,2.7726,7.7866,29.5575,0.0
600297.SH,2017,0.1262,-1.9347,0.03,25.4414,0.7432,1.6374,0.1505,0.6116,2.8332,2.3589,28.0242,0.0
600298.SH,2017,0.1305,-1.8968,-0.01,22.6369,0.4839,4.1984,0.2402,0.695,2.8332,2.7832,29.5575,1.0
600299.SH,2017,0.2012,-1.3790,-0.01,23.7162,0.2034,2.4292,0.1051,0.6242,2.8332,1.0172,29.5575,1.0
600300.SH,2017,0.2722,-0.9835,0.01,22.8513,0.6151,3.4554,0.034,0.4855,2.8332,2.6347,29.5575,0.0
600301.SH,2017,0.5558,0.2242,-0.01,20.6891,0.7609,13.6338,-0.1285,0.339,2.8332,1.7569,29.5575,1.0
600302.SH,2017,0.5625,0.2513,0.03,21.2207,0.2175,2.9096,-0.0052,0.4486,2.8332,2.9165,29.5575,1.0
600305.SH,2017,0.4059,-0.3808,0.02,21.5404,0.2683,4.2499,0.1666,0.5708,2.7726,2.578,29.5575,1.0
600306.SH,2017,0.2924,-0.8836,0.07,21.2456,0.9599,46.093,0.7621,0.3665,2.8332,5.1574,28.0242,0.0
600307.SH,2017,0.2294,-1.2115,0.15,24.3565,0.7573,1.8622,0.045,0.5563,2.8332,3.7187,29.5575,1.0
600308.SH,2017,0.2512,-1.0920,-0.10,23.4242,0.5488,0.9452,0.0986,0.5407,2.8332,3.1644,29.5575,0.0
600309.SH,2017,0.2031,-1.3670,0.06,24.6505,0.6388,2.5393,0.5066,0.619,2.7726,3.3332,29.5575,1.0
600310.SH,2017,0.4025,-0.3950,0.04,23.1216,0.723,2.4716,0.0235,0.563,2.7726,1.9062,28.4807,1.0
600311.SH,2017,0.2886,-0.9021,-0.01,20.6639,0.1223,6.0917,0.0031,0.1676,2.7726,4.3513,29.3693,0.0
600312.SH,2017,0.4627,-0.1493,0.13,23.5982,0.4723,2.2661,0.0711,0.5598,2.7726,2.0482,29.5575,1.0
600315.SH,2017,0.1551,-1.6951,0.05,22.7557,0.3103,3.4681,0.0716,0.6672,2.7726,1.6113,29.5575,0.0
600316.SH,2017,0.1789,-1.5235,0.01,23.0877,0.5223,2.7741,0.006,0.5856,2.8332,3.1754,29.5575,1.0
600317.SH,2017,0.3398,-0.6641,-0.08,23.5283,0.3225,2.006,0.0506,0.8336,2.7081,0.6011,28.3887,1.0
600319.SH,2017,0.1030,-2.1639,0.04,21.2597,0.9957,418.2453,1.2884,0.4808,2.7726,3.9816,29.5575,0.0
600320.SH,2017,0.3733,-0.5181,-0.15,24.8312,0.7289,1.1962,0.0199,0.574,2.8332,1.6326,29.5575,1.0
600321.SH,2017,0.3351,-0.6853,0.00,21.8236,0.1138,3.9138,-0.0017,0.335,2.7726,4.0953,29.5575,0.0
600322.SH,2017,0.1697,-1.5878,-0.30,24.2638,0.8476,1.3321,0.0511,0.4574,2.7726,2.9872,29.0781,1.0
600323.SH,2017,0.3526,-0.6075,-0.06,23.309,0.5826,1.9864,0.1285,0.5882,2.8332,2.2944,28.4807,1.0
600325.SH,2017,0.4811,-0.0758,-0.09,25.4577,0.796,0.6446,0.1265,0.3912,2.5649,3.3463,29.0781,1.0
600326.SH,2017,0.2782,-0.9532,0.03,22.6329,0.5389,1.8091,0.1307,0.2947,2.7726,15.1642,28.1093,1.0
600328.SH,2017,0.2668,-1.0109,-0.02,22.5785,0.6672,2.7008,0.1002,0.3776,2.8332,2.9668,29.5575,1.0
600329.SH,2017,0.3694,-0.5346,0.04,22.5734,0.3236,2.5882,0.1105,0.6412,2.7726,1.3972,29.5575,1.0
600330.SH,2017,0.3702,-0.5315,0.03,22.2851,0.2434,2.4059,0.0426,0.2172,2.7726,5.9525,29.5575,0.0
600333.SH,2017,0.2236,-1.2446,0.06,22.3582,0.6815,2.5485,0.029,0.5281,2.8332,4.7501,28.4807,1.0
600335.SH,2017,0.3167,-0.7688,0.32,23.8209,0.6771,1.7499,0.0929,0.7824,2.7726,1.7339,28.0242,1.0
600338.SH,2017,0.0909,-2.3021,0.06,21.3897,0.333,14.5708,0.7124,0.458,2.8332,6.0022,29.3693,0.0
600339.SH,2017,0.1175,-2.0165,0.05,25.217,0.8147,2.0937,0.03,0.4753,2.8332,5.304,29.3693,1.0
600343.SH,2017,0.3099,-0.8008,0.03,22.1946,0.3909,5.0573,0.0072,0.4875,2.6391,2.7046,29.5575,1.0
600345.SH,2017,0.2216,-1.2561,0.14,21.2268,0.1466,3.186,0.1827,0.4744,2.8332,6.5287,29.5575,1.0
600346.SH,2017,0.1655,-1.6176,0.05,23.7038,0.6937,3.9005,0.2671,0.5104,2.7726,2.9692,29.5575,0.0
600350.SH,2017,0.3927,-0.4358,0.05,24.5394,0.4456,1.2378,0.1029,0.8957,2.7081,0.5488,28.3887,1.0
600352.SH,2017,0.1825,-1.4997,0.04,24.4106,0.5651,1.7253,0.1524,0.1412,2.6391,2.6742,29.5575,0.0
600353.SH,2017,0.3437,-0.6468,-0.02,21.1865,0.24,4.1821,0.0258,0.4342,2.7081,3.9396,29.5575,0.0
600356.SH,2017,0.5897,0.3627,-0.04,21.7247,0.2552,1.7991,0.048,0.3692,2.7726,2.3953,29.5575,1.0
600360.SH,2017,0.4079,-0.3728,0.03,22.0276,0.4538,3.2488,0.0459,0.2671,2.7726,5.2821,29.5575,0.0
600361.SH,2017,0.1783,-1.5281,0.00,23.1191,0.7615,1.8009,0.0295,0.5941,2.7726,3.3658,28.0242,0.0
600362.SH,2017,0.2386,-1.1606,0.06,25.1936,0.4413,0.9862,0.0339,0.6713,2.7081,4.53,29.5575,1.0
600366.SH,2017,0.3138,-0.7826,0.04,22.4689,0.1924,2.3723,0.0895,0.4512,2.8332,4.3658,29.5575,0.0
600367.SH,2017,0.3622,-0.5660,-0.01,21.2268,0.3098,3.4222,0.0855,0.3683,2.7726,7.1401,29.5575,1.0
600368.SH,2017,0.4559,-0.1767,-0.08,23.1585,0.7325,1.5504,0.1157,0.502,2.8332,4.4173,28.3887,1.0
600370.SH,2017,0.4054,-0.3829,0.03,21.2522,0.1264,3.6888,0.0351,0.5121,2.6391,2.3987,29.5575,0.0
600371.SH,2017,0.4021,-0.3967,0.11,20.4336,0.4031,8.2253,0.1279,0.5082,2.7081,2.3212,24.4528,0.0
600372.SH,2017,0.2661,-1.0143,0.04,23.5873,0.6423,5.2062,0.0857,0.8121,2.7726,0.9959,29.5575,1.0
600373.SH,2017,0.4719,-0.1126,0.21,23.6599,0.4054,2.4832,0.1249,0.7071,2.7081,1.6003,24.9917,1.0
600375.SH,2017,0.2572,-1.0603,0.14,23.0023,0.7172,1.4062,0.0205,0.2303,2.6391,2.4058,29.5575,1.0
600377.SH,2017,0.2110,-1.3189,-0.01,24.3146,0.3677,1.889,0.1606,0.9151,2.7726,0.2975,28.3887,1.0
600378.SH,2017,0.4242,-0.3054,0.03,20.7121,0.2458,5.9408,0.0764,0.5995,2.7726,1.6784,29.5575,1.0
600379.SH,2017,0.3118,-0.7916,0.02,20.3617,0.3239,10.5723,0.0744,0.4921,2.7081,3.3829,29.5575,1.0
600380.SH,2017,0.3269,-0.7224,0.18,23.5003,0.4192,1.6883,0.3373,0.5798,2.7726,2.8116,29.5575,0.0
600381.SH,2017,0.1576,-1.6761,0.00,21.5166,0.0936,5.2761,0.1348,0.0826,2.7726,8.2284,29.5575,0.0
600382.SH,2017,0.2584,-1.0543,0.23,22.4799,0.1233,1.673,0.0673,0.2702,2.7726,2.9649,28.0242,0.0
600385.SH,2017,0.4306,-0.2796,0.37,19.0219,0.5709,45.0505,-0.0894,0.365,2.7726,3.7552,29.5575,0.0
600388.SH,2017,0.2015,-1.3771,0.04,23.4066,0.7223,3.2538,0.1692,0.4485,2.8332,4.1705,29.5575,0.0
600389.SH,2017,0.2056,-1.3516,-0.03,21.9034,0.5776,4.2649,0.1683,0.6261,2.7726,1.3637,29.5575,0.0
600391.SH,2017,0.3838,-0.4733,0.03,22.4569,0.6454,5.7963,0.0266,0.4672,2.7726,3.2617,29.5575,1.0
600392.SH,2017,0.1065,-2.1268,0.15,21.6464,0.4462,8.9991,0.0836,0.3774,2.6391,10.8775,29.5575,1.0
600396.SH,2017,0.4768,-0.0930,-0.04,23.7392,0.7852,1.7502,-0.2843,0.5366,2.7726,1.0368,28.4807,1.0
600398.SH,2017,0.2046,-1.3577,0.08,23.9169,0.5853,4.7954,0.3251,0.8756,2.8332,0.4995,29.5575,0.0
600399.SH,2017,0.2385,-1.1607,-0.15,23.0818,0.9801,42.3535,0.0,0.316,2.8332,4.6789,29.5575,0.0
600400.SH,2017,0.1242,-1.9535,0.28,23.01,0.5459,3.1499,0.1418,0.7008,2.7726,0.9866,29.5575,0.0
600401.SH,2017,0.3954,-0.4245,-0.05,23.6873,0.8035,2.8796,-1.0196,0.0,2.6391,2.6505,29.5575,0.0
600403.SH,2017,0.3376,-0.6740,-0.00,23.4021,0.5441,2.0521,0.0701,0.9181,2.6391,0.3195,29.3693,1.0
600405.SH,2017,0.4156,-0.3408,0.02,21.7107,0.6792,5.6917,0.018,0.0069,2.5649,5.1174,29.5575,0.0
600408.SH,2017,0.2494,-1.1016,-0.14,22.5907,0.8453,5.3408,-0.3421,0.0117,2.6391,3.6506,29.5575,0.0
600409.SH,2017,0.0773,-2.4789,-0.01,23.7678,0.645,2.3304,0.2231,0.5985,2.6391,4.3409,29.5575,0.0
600410.SH,2017,0.4526,-0.1903,0.07,23.0353,0.4768,2.273,0.047,0.2327,2.5649,3.5687,27.4795,0.0
600416.SH,2017,0.4365,-0.2555,-0.07,23.7128,0.6697,2.119,0.0136,0.4581,2.7081,4.6614,29.5575,1.0
600418.SH,2017,0.1797,-1.5182,0.29,24.6195,0.6857,1.4149,0.0312,0.4167,2.7726,3.3444,29.5575,1.0
600419.SH,2017,0.4503,-0.1995,-0.07,20.8735,0.3259,7.5366,0.1259,0.6888,2.7726,1.8934,29.5575,1.0
600421.SH,2017,0.1121,-2.0698,0.19,17.9714,0.6459,220.5682,-1.8036,0.5058,2.5649,3.1792,29.5575,0.0
600425.SH,2017,0.1281,-1.9179,-0.02,23.0257,0.5869,1.5522,0.0126,0.3797,2.6391,8.4002,29.5575,1.0
600426.SH,2017,0.1924,-1.4347,-0.02,23.3039,0.382,2.0238,0.1402,0.6575,2.7081,2.2916,29.5575,1.0
600428.SH,2017,0.4103,-0.3627,-0.02,23.7815,0.5576,1.3947,0.0252,0.5961,2.7081,3.5868,28.3887,1.0
600429.SH,2017,0.2624,-1.0336,-0.05,22.7538,0.3498,2.3735,0.0159,0.6895,2.6391,1.3323,29.5575,1.0
600433.SH,2017,0.5157,0.0629,-0.02,22.1533,0.3913,4.0087,0.0209,0.3779,2.6391,2.4697,29.5575,1.0
600438.SH,2017,0.2998,-0.8483,0.09,23.7866,0.4485,2.0956,0.1607,0.6679,2.5649,2.9031,29.5575,0.0
600439.SH,2017,0.2463,-1.1185,-0.20,22.1733,0.4515,3.5255,0.0892,0.5361,2.6391,1.2562,29.5575,0.0
600444.SH,2017,0.4017,-0.3982,0.31,20.6054,0.6535,10.6925,0.3924,0.4167,2.5649,3.9079,29.5575,1.0
600448.SH,2017,0.5716,0.2882,0.03,21.7252,0.689,3.8991,0.0076,0.3512,2.7726,2.715,29.5575,1.0
600449.SH,2017,0.2129,-1.3075,-0.09,22.782,0.4271,1.2963,0.0772,0.4993,2.6391,9.7503,29.5575,1.0
600452.SH,2017,0.1419,-1.7994,-0.02,22.043,0.7618,7.4812,0.2232,0.6417,2.5649,1.3136,28.4807,1.0
600455.SH,2017,0.2512,-1.0921,0.01,20.332,0.7408,20.9626,0.0348,0.2702,2.5649,2.2659,25.5147,1.0
600456.SH,2017,0.1197,-1.9954,-0.13,22.66,0.4617,1.9048,0.0063,0.6284,2.7081,5.0626,29.5575,1.0
600458.SH,2017,0.5339,0.1356,0.04,23.3191,0.6344,2.3175,0.0141,0.4435,2.7081,2.3297,29.5575,1.0
600459.SH,2017,0.2831,-0.9292,0.33,21.9577,0.434,3.0728,0.063,0.408,2.6391,6.6337,29.5575,1.0
600460.SH,2017,0.1140,-2.0509,-0.03,22.3501,0.3918,2.507,0.0665,0.4516,2.6391,8.3623,29.5575,0.0
600461.SH,2017,0.4961,-0.0156,0.04,22.7708,0.5628,1.7738,0.0874,0.4405,2.5649,1.8922,28.4807,1.0
600462.SH,2017,0.2680,-1.0048,-0.06,19.9717,0.354,15.1897,0.029,0.1994,2.6391,2.9775,25.4649,0.0
600463.SH,2017,0.1183,-2.0085,-0.27,21.7945,0.492,3.0204,0.0113,0.6206,2.5649,6.8241,28.1093,1.0
600466.SH,2017,0.1860,-1.4760,-0.09,25.0187,0.809,1.4755,0.1281,0.3132,2.7726,6.1076,29.0781,0.0
600467.SH,2017,0.4489,-0.2051,-0.05,22.3944,0.4405,2.2145,0.0178,0.4082,2.5649,2.354,24.4528,0.0
600469.SH,2017,0.2981,-0.8562,-0.03,22.7681,0.6828,2.7303,-0.2178,0.532,2.6391,1.2456,29.5575,1.0
600470.SH,2017,0.4250,-0.3024,-0.13,22.4875,0.6712,2.3154,0.0185,0.2702,2.5649,4.5888,29.5575,1.0
600475.SH,2017,0.2582,-1.0553,0.05,22.3925,0.6487,2.7392,0.0904,0.0116,2.6391,5.4278,29.5575,1.0
600476.SH,2017,0.3028,-0.8341,0.24,19.6838,0.4398,25.6773,0.0107,0.4538,2.6391,5.1205,27.4795,1.0
600477.SH,2017,0.1918,-1.4384,0.00,22.5599,0.6366,4.6588,0.3053,0.0789,2.6391,6.0203,28.1093,0.0
600478.SH,2017,0.1569,-1.6815,-0.07,22.3772,0.5758,6.2734,0.0159,0.3174,2.6391,2.1852,29.5575,0.0
600479.SH,2017,0.3989,-0.4102,-0.10,21.8325,0.3127,2.6393,0.1147,0.4821,2.5649,3.0159,29.5575,1.0
600480.SH,2017,0.1180,-2.0115,-0.01,23.0273,0.5191,1.4055,0.0907,0.4206,2.6391,10.1998,29.5575,1.0
600482.SH,2017,0.3251,-0.7303,0.13,24.4001,0.3262,1.9948,0.0469,0.642,2.5649,3.552,29.5575,1.0
600483.SH,2017,0.3098,-0.8011,-0.03,23.6108,0.4114,1.6261,0.0821,0.8417,2.5649,1.9937,28.4807,1.0
600485.SH,2017,0,0,-0.03,23.8161,0.451,3.5277,-0.1631,0.2057,2.6391,0.0,29.5575,0.0
600486.SH,2017,0.2347,-1.1821,0.18,22.4638,0.3755,3.2964,0.1571,0.6375,2.7081,1.6197,29.5575,1.0
600487.SH,2017,0.2584,-1.0543,0.12,23.7056,0.656,3.4119,0.2688,0.2777,2.6391,5.5117,29.5575,0.0
600490.SH,2017,0.1580,-1.6731,0.04,22.2503,0.1607,3.3912,0.0561,0.2029,2.6391,3.7453,29.5575,0.0
600493.SH,2017,0.4745,-0.1022,0.01,20.7355,0.3175,6.6457,0.0359,0.1152,2.5649,2.7199,29.5575,0.0
600495.SH,2017,0.3324,-0.6973,-0.02,22.0267,0.1569,2.8256,0.0054,0.3166,2.5649,5.6232,29.5575,1.0
600496.SH,2017,0.1096,-2.0946,0.01,23.0885,0.646,1.7151,0.016,0.2941,2.7081,6.5038,28.1093,0.0
600498.SH,2017,0.3458,-0.6375,-0.00,23.9147,0.6733,3.3191,0.1036,0.6458,2.7726,2.5815,29.5575,1.0
600499.SH,2017,0.1443,-1.7804,0.07,22.855,0.5055,2.5599,0.1127,0.0562,2.7081,5.5002,29.5575,0.0
600500.SH,2017,0.4288,-0.2870,0.03,24.6355,0.5989,1.2109,0.0525,0.6749,2.8332,2.5287,29.5575,1.0
600501.SH,2017,0.2896,-0.8975,-0.07,22.2742,0.491,3.201,0.0053,0.6043,2.7726,3.3929,29.5575,1.0
600502.SH,2017,0.4819,-0.0723,0.68,23.574,0.7546,2.1257,0.1245,0.1212,2.6391,4.678,28.1093,1.0
600503.SH,2017,0.2305,-1.2057,-1.12,22.6004,0.424,3.5288,0.0645,0.1652,2.7081,5.4856,29.0781,0.0
600505.SH,2017,0.4445,-0.2228,-0.06,21.6049,0.4912,3.0116,0.0394,0.6147,2.7081,2.2863,28.4807,1.0
600507.SH,2017,0.0891,-2.3252,0.07,22.8606,0.6546,3.0661,0.6767,0.5873,2.6391,6.1839,29.5575,0.0
600509.SH,2017,0.2358,-1.1758,0.10,23.689,0.7486,1.3865,0.0361,0.5001,2.7081,3.3305,28.4807,1.0
600510.SH,2017,0.4514,-0.1951,0.05,23.6849,0.5848,1.1258,0.0651,0.7092,2.7081,1.1065,29.0781,1.0
600512.SH,2017,0.2039,-1.3620,-0.10,22.7801,0.4128,1.8452,0.0306,0.3181,2.7081,2.8344,28.1093,0.0
600515.SH,2017,0.2379,-1.1643,0.09,25.298,0.5491,1.0363,0.0587,0.7461,2.7081,1.9436,29.0781,0.0
600516.SH,2017,0.0615,-2.7254,-0.25,22.8097,0.2487,2.6303,0.4662,0.4728,2.7081,12.5627,29.5575,0.0
600517.SH,2017,0.1724,-1.5684,0.20,22.916,0.5846,3.5453,0.0679,0.5535,2.6391,1.8553,29.5575,1.0
600519.SH,2017,0.1414,-1.8035,0.14,25.4501,0.3279,5.5305,0.3295,0.7813,2.7726,0.7288,29.5575,1.0
600520.SH,2017,0.2107,-1.3208,0.06,20.5142,0.4048,8.8548,0.0184,0.4571,2.7081,3.478,29.5575,0.0
600522.SH,2017,0.1458,-1.7682,-0.04,23.7414,0.4087,2.2733,0.1078,0.4275,2.7081,5.3506,29.5575,0.0
600525.SH,2017,0.1570,-1.6806,0.06,23.4718,0.5218,2.4603,0.1551,0.2643,2.7081,2.2572,29.5575,0.0
600526.SH,2017,0.3294,-0.7108,-0.01,22.7992,0.6751,2.5975,-0.0683,0.245,2.7081,5.064,29.5575,1.0
600527.SH,2017,0.2877,-0.9065,0.06,21.268,0.0572,3.4935,0.0409,0.121,2.6391,2.3174,29.5575,0.0
600528.SH,2017,0.3726,-0.5209,0.04,24.7512,0.8845,3.0964,0.1019,0.542,2.7726,4.6412,29.5575,1.0
600531.SH,2017,0.2299,-1.2090,-0.05,23.1463,0.7255,3.0209,0.0928,0.4978,2.7081,4.0117,29.5575,1.0
600533.SH,2017,0.1959,-1.4118,-0.06,23.3637,0.7167,1.4833,0.014,0.6359,2.7081,5.6695,29.0781,1.0
600537.SH,2017,0.3274,-0.7201,0.03,22.6823,0.5724,2.8819,0.0142,0.096,2.6391,2.7802,29.5575,0.0
600538.SH,2017,0.3430,-0.6502,0.10,20.6801,0.2808,9.1965,0.0135,0.1005,2.6391,4.7556,28.0242,0.0
600540.SH,2017,0.2549,-1.0725,-0.09,21.6504,0.7888,6.9803,0.0179,0.4224,2.5649,4.7736,24.4528,1.0
600543.SH,2017,0.2209,-1.2605,-0.00,20.9936,0.1551,4.3188,0.0217,0.5902,2.5649,2.2784,29.5575,1.0
600545.SH,2017,0.1435,-1.7868,-0.09,23.0317,0.8014,4.1136,0.2367,0.3393,2.6391,8.7071,29.5575,0.0
600546.SH,2017,0.2323,-1.1955,-0.09,24.5268,0.8342,1.0847,0.085,0.6412,2.6391,2.3284,28.0242,1.0
600548.SH,2017,0.3874,-0.4583,-0.01,24.201,0.5457,1.1295,0.1088,0.8594,2.7726,0.7076,28.3887,1.0
600549.SH,2017,0.2675,-1.0073,0.23,23.4641,0.4763,2.934,0.0924,0.6161,2.7081,6.3317,29.5575,1.0
600550.SH,2017,0.1141,-2.0500,-0.07,22.9905,0.9343,14.7869,0.1774,0.5434,2.7726,7.1153,29.5575,1.0
600551.SH,2017,0.3573,-0.5871,-0.54,22.7579,0.3164,1.9656,0.0596,0.6827,2.7081,0.7811,24.9917,1.0
600552.SH,2017,0.2047,-1.3573,0.06,22.307,0.4932,2.8621,0.0326,0.3359,2.7081,2.8098,29.5575,1.0
600555.SH,2017,0.1940,-1.4240,0.02,22.008,0.5696,4.8214,0.0358,0.3263,2.7726,1.5912,29.0781,0.0
600556.SH,2017,0.2839,-0.9253,0.58,19.4791,0.7404,62.9607,0.04,0.1166,2.7726,1.0822,27.4795,0.0
600557.SH,2017,0.4116,-0.3573,-0.08,22.2772,0.3223,3.2555,0.1129,0.512,2.7081,1.7677,29.5575,0.0
600558.SH,2017,0.2906,-0.8923,-0.00,21.7093,0.2366,2.5222,0.0252,0.3371,2.7726,4.9645,29.5575,1.0
600559.SH,2017,0.2000,-1.3861,0.09,21.8878,0.4984,6.3642,0.0984,0.5377,2.7081,1.3382,29.5575,1.0
600561.SH,2017,0.4649,-0.1407,0.07,22.5763,0.7232,1.8636,0.0145,0.3635,2.7081,2.9839,28.3887,1.0
600562.SH,2017,0.2539,-1.0781,-0.00,21.6175,0.3098,8.6278,0.0974,0.3936,2.6391,2.7771,29.5575,1.0
600563.SH,2017,0.3204,-0.7519,0.11,21.6314,0.1357,3.8497,0.1956,0.727,2.7081,3.1348,29.5575,0.0
600565.SH,2017,0.2547,-1.0737,-0.13,24.1409,0.752,2.3731,0.0991,0.4817,2.7081,2.7696,29.0781,0.0
600567.SH,2017,0.1115,-2.0754,0.01,23.7214,0.5797,1.955,0.2154,0.4239,2.7726,3.5346,29.5575,0.0
600568.SH,2017,0.1318,-1.8855,0.05,22.6886,0.1576,2.9594,0.0285,0.6504,2.7726,2.7207,29.5575,0.0
600569.SH,2017,0.0823,-2.4114,-0.09,24.2018,0.8293,1.2939,0.284,0.628,2.7726,6.3182,29.5575,1.0
600572.SH,2017,0.2457,-1.1217,-0.02,22.8628,0.4717,4.0893,0.1588,0.5364,2.5649,1.1707,29.5575,0.0
600573.SH,2017,0.4824,-0.0706,0.09,20.8941,0.0711,3.528,0.0219,0.5307,2.6391,2.6094,29.5575,1.0
600575.SH,2017,0.4023,-0.3958,-0.07,23.64,0.4952,2.4088,0.0392,0.7003,2.6391,1.1333,28.3887,1.0
600576.SH,2017,0.2309,-1.2030,0.01,21.3922,0.0561,6.3337,0.0488,0.4144,2.6391,7.1786,24.9917,0.0
600577.SH,2017,0.1344,-1.8629,0.19,22.3135,0.3283,2.4808,0.1205,0.4728,2.7081,3.6181,29.5575,0.0
600579.SH,2017,0.4632,-0.1475,0.04,21.1949,0.2489,4.892,-0.0398,0.6259,2.7081,0.7761,29.5575,1.0
600580.SH,2017,0.2519,-1.0887,-0.02,23.501,0.6534,2.1041,0.1231,0.5639,2.7081,1.8494,29.5575,0.0
600581.SH,2017,0.2132,-1.3056,-0.19,23.1222,0.8004,2.3229,0.4218,0.568,2.7081,9.518,29.5575,1.0
600582.SH,2017,0.3482,-0.6272,-0.06,24.2888,0.4715,1.1006,0.065,0.6576,2.7081,2.0157,29.5575,1.0
600583.SH,2017,0.3158,-0.7732,-0.01,24.1181,0.2228,1.4084,0.0213,0.7228,2.7081,1.132,29.3693,1.0
600584.SH,2017,0.2523,-1.0864,-0.05,24.1151,0.7755,2.7403,0.0489,0.3974,2.6391,4.9908,29.5575,0.0
600587.SH,2017,0.3490,-0.6236,-0.01,23.1541,0.6465,2.5398,0.02,0.5648,2.7081,2.3511,29.5575,1.0
600590.SH,2017,0.1874,-1.4670,0.08,22.8736,0.5424,3.1775,0.0653,0.4305,2.7081,2.2658,29.5575,0.0
600592.SH,2017,0.1484,-1.7475,0.04,21.6857,0.2655,2.5993,0.0375,0.4416,2.7081,8.3335,29.5575,1.0
600593.SH,2017,0.2525,-1.0851,0.02,20.7435,0.4082,6.0448,0.133,0.4311,2.7081,2.9772,23.6253,1.0
600594.SH,2017,0.2489,-1.1045,0.00,22.6087,0.3565,3.1097,0.0948,0.1277,2.5649,3.4641,29.5575,0.0
600595.SH,2017,0.1260,-1.9368,0.06,23.995,0.7776,1.6694,-0.04,0.5726,2.7081,4.0856,29.5575,0.0
600596.SH,2017,0.2728,-0.9804,0.04,22.802,0.4451,1.5677,0.1251,0.2516,2.7726,6.6983,29.5575,0.0
600598.SH,2017,0.2306,-1.2050,-0.01,22.77,0.2616,3.7936,0.1327,0.6667,2.7081,2.2822,24.4528,1.0
600600.SH,2017,0.1821,-1.5019,0.09,24.127,0.4388,2.2309,0.0755,0.7927,3.1781,1.0159,29.5575,1.0
600601.SH,2017,0.4787,-0.0852,-0.10,23.0801,0.6465,2.7053,-0.2408,0.1551,3.2958,1.6545,29.5575,1.0
600602.SH,2017,0.3132,-0.7851,0.19,22.3658,0.2503,2.9533,0.0759,0.4056,3.2958,1.3038,27.4795,1.0
600603.SH,2017,0.3676,-0.5425,-0.08,22.5919,0.3515,1.8823,0.0664,0.0135,3.2189,4.6046,25.5147,0.0
600608.SH,2017,0.3221,-0.7443,1.56,19.0773,1.0096,-2976.8125,3.46,0.1893,3.2189,2.8223,29.5575,1.0
600609.SH,2017,0.3397,-0.6646,0.01,23.1543,0.9413,13.0353,0.5813,0.4679,3.2189,1.3596,29.5575,1.0
600610.SH,2017,0.1243,-1.9521,-0.43,21.3561,0.3181,6.7693,-1.883,0.2708,3.2189,6.3046,28.1093,0.0
600612.SH,2017,0.1239,-1.9560,-0.04,23.3663,0.5714,2.7748,0.2113,0.8114,3.2189,1.0747,29.5575,1.0
600614.SH,2017,0.2120,-1.3129,-0.02,22.7928,0.4151,4.1047,0.0808,0.2807,3.2189,3.2047,29.5575,0.0
600615.SH,2017,0.3176,-0.7647,-0.26,20.2876,0.2486,8.1387,0.1971,0.4272,3.2189,2.9006,29.5575,0.0
600616.SH,2017,0.5679,0.2734,-0.02,21.6164,0.1815,3.1656,0.0274,0.4274,3.2189,2.1626,29.5575,1.0
600617.SH,2017,0.3683,-0.5395,0.08,23.7935,0.7982,2.5506,0.0045,0.7552,3.2189,1.0058,28.4807,1.0
600619.SH,2017,0.3609,-0.5713,0.03,23.1815,0.5906,2.1047,0.0687,0.5385,3.2189,4.5673,29.5575,1.0
600620.SH,2017,0.4243,-0.3052,-0.02,21.93,0.2036,4.1766,0.0229,0.6337,3.2189,0.8483,25.5147,0.0
600623.SH,2017,0.2063,-1.3475,-0.04,24.3005,0.4607,1.3938,0.0376,0.7165,3.2189,2.018,29.5575,1.0
600624.SH,2017,0.5335,0.1342,-0.03,21.5583,0.497,5.0792,0.0384,0.3435,3.1781,2.7165,25.5147,1.0
600626.SH,2017,0.2960,-0.8663,-0.01,22.4053,0.4553,3.32,0.0803,0.3275,3.1781,2.9375,28.0242,1.0
600628.SH,2017,0.3947,-0.4277,0.05,22.4781,0.3059,2.2773,0.1075,0.4192,3.1781,2.32,28.0242,1.0
600629.SH,2017,0.3332,-0.6936,-0.21,22.2999,0.7862,7.2463,0.1248,0.7009,3.1781,3.4148,23.2439,1.0
600630.SH,2017,0.4263,-0.2971,0.07,21.6709,0.3367,3.8338,0.073,0.3172,3.1781,5.7212,29.5575,1.0
600636.SH,2017,0.3401,-0.6631,0.11,22.1485,0.2631,2.0213,0.0191,0.3406,3.1781,1.0942,29.5575,1.0
600637.SH,2017,0.2152,-1.2941,0.08,24.3287,0.2197,2.1315,0.0828,0.4766,3.1781,0.7823,27.4795,1.0
600640.SH,2017,0.5059,0.0238,0.12,22.0629,0.1948,3.4795,0.0578,0.6958,3.1781,1.8081,27.4795,1.0
600641.SH,2017,0.2011,-1.3795,0.11,22.7738,0.4387,2.2839,0.3322,0.525,3.1781,2.5946,29.0781,0.0
600642.SH,2017,0.4645,-0.1423,0.01,24.7062,0.3878,0.8132,0.0682,0.6328,3.1781,0.7031,28.4807,1.0
600645.SH,2017,0.1595,-1.6621,0.12,21.8231,0.4168,5.9066,-0.0123,0.2779,3.1781,3.5105,23.2439,0.0
600647.SH,2017,0.2816,-0.9366,-0.14,20.2215,0.3224,15.4142,0.0311,0.487,3.1781,3.8977,28.0242,1.0
600650.SH,2017,0.3789,-0.4944,0.03,22.2195,0.2127,3.0398,0.0748,0.5667,3.1781,2.7795,28.3887,1.0
600651.SH,2017,0.2761,-0.9641,0.10,23.195,0.6778,2.7374,0.0156,0.5903,3.2958,3.981,29.5575,1.0
600652.SH,2017,0.4107,-0.3611,-0.11,21.633,0.1262,4.93,-0.2171,0.2195,3.2958,5.5461,27.4795,0.0
600653.SH,2017,0.3882,-0.4550,-0.00,22.9903,0.7162,2.8209,-0.2721,0.1895,3.2958,0.9232,28.0242,1.0
600655.SH,2017,0.1667,-1.6092,-0.04,23.8665,0.5281,1.5007,0.0648,0.4686,3.2189,0.431,28.0242,0.0
600658.SH,2017,0.2373,-1.1676,0.24,22.9221,0.328,1.7422,0.0825,0.754,3.1781,0.8772,29.0781,1.0
600660.SH,2017,0.0954,-2.2494,0.02,24.12,0.396,2.6717,0.1716,0.6141,3.1781,1.7059,29.5575,0.0
600662.SH,2017,0.5593,0.2381,-0.04,22.6122,0.4498,3.2112,0.0308,0.4861,3.1781,1.6155,28.3887,1.0
600664.SH,2017,0.3350,-0.6857,0.06,23.4348,0.4487,2.6276,0.056,0.6142,3.1781,1.6126,29.5575,1.0
600666.SH,2017,0.2423,-1.1403,0.05,22.6454,0.6202,7.9622,0.021,0.1248,3.1781,3.4522,29.5575,0.0
600667.SH,2017,0.1369,-1.8411,0.04,23.4635,0.678,2.614,0.0711,0.37,3.1781,5.9536,29.5575,1.0
600668.SH,2017,0.3917,-0.4400,0.00,22.1083,0.3611,2.2569,0.1394,0.2686,3.1781,4.9532,29.5575,1.0
600671.SH,2017,0.1573,-1.6781,0.08,19.5397,0.7839,56.6911,0.1291,0.5511,3.1781,1.8962,29.5575,0.0
600674.SH,2017,0.2170,-1.2832,0.07,24.0125,0.2205,1.8318,0.1534,0.7227,3.1781,0.8405,28.4807,1.0
600675.SH,2017,0.2987,-0.8536,-0.31,24.1386,0.8439,2.5118,0.1068,0.437,3.1781,1.1553,29.0781,1.0
600676.SH,2017,0.5353,0.1413,0.06,22.9333,0.3682,1.6018,0.0813,0.5448,3.1781,1.8835,28.3887,1.0
600677.SH,2017,0.2938,-0.8772,0.08,23.3441,0.6852,2.0713,0.0311,0.2984,3.1781,5.2135,28.0242,1.0
600679.SH,2017,0.2374,-1.1669,0.01,21.2872,0.259,7.3103,0.059,0.6037,3.1781,8.1409,29.5575,1.0
600680.SH,2017,0.2828,-0.9305,-0.15,21.6957,0.7234,12.3893,-0.6482,0.7461,3.1781,3.2724,29.5575,1.0
600683.SH,2017,0.2804,-0.9425,0.02,24.0828,0.8794,1.8887,0.1429,0.4442,3.1781,1.9937,29.0781,1.0
600684.SH,2017,0.2992,-0.8512,-0.20,23.2534,0.6979,1.4738,0.1316,0.3641,3.1781,4.9072,29.0781,1.0
600685.SH,2017,0.2091,-1.3302,-0.07,24.5577,0.775,2.9773,0.0084,0.606,3.1781,3.1533,29.5575,1.0
600686.SH,2017,0.3238,-0.7365,0.10,23.9497,0.8235,1.9387,0.1374,0.5132,3.1781,3.7304,29.5575,1.0
600688.SH,2017,0.1785,-1.5266,0.03,24.2533,0.2665,2.404,0.2084,0.8465,3.1781,1.0066,29.5575,1.0
600689.SH,2017,0.4604,-0.1589,-0.03,20.4914,0.4494,8.0459,0.0469,0.3974,3.1781,7.3064,29.5575,1.0
600691.SH,2017,0.2656,-1.0172,0.28,24.4355,0.8732,1.2996,0.0309,0.3859,3.1781,3.7647,29.5575,1.0
600692.SH,2017,0.3169,-0.7681,-0.02,21.6591,0.7245,8.1086,0.0959,0.074,3.1781,9.5174,28.3887,1.0
600693.SH,2017,0.1128,-2.0628,0.15,22.4868,0.6421,4.3542,0.1214,0.5287,3.1781,1.757,28.0242,0.0
600694.SH,2017,0.2166,-1.2858,0.20,23.6101,0.6053,1.6568,0.1205,0.5855,3.1781,1.7138,28.0242,0.0
600696.SH,2017,0.1372,-1.8389,0.79,20.1201,0.5286,14.25,0.0676,0.2991,3.1781,3.0747,29.0781,0.0
600697.SH,2017,0.4380,-0.2493,0.12,23.6224,0.7541,1.1412,0.1068,0.499,3.1781,2.4145,28.0242,1.0
600701.SH,2017,0.2709,-0.9902,0.21,22.7178,0.4043,3.2285,0.0416,0.2878,3.0445,3.4074,27.4795,0.0
600702.SH,2017,0.1091,-2.0995,-0.01,22.1008,0.4136,3.2782,0.0599,0.6215,3.0445,5.6248,29.5575,0.0
600703.SH,2017,0.1010,-2.1859,0.08,23.8834,0.2604,3.1321,0.1713,0.7169,3.0445,1.7994,29.5575,0.0
600704.SH,2017,0.3299,-0.7086,0.02,25.0615,0.6899,1.249,0.1206,0.2144,3.0445,5.6261,28.0242,1.0
600706.SH,2017,0.1947,-1.4198,0.01,21.2997,0.5014,4.0136,0.0681,0.566,3.0445,4.5313,23.6253,1.0
600707.SH,2017,0.1832,-1.4946,0.00,22.6493,0.7921,4.6434,0.0133,0.3478,3.0445,4.4805,29.5575,1.0
600708.SH,2017,0.3065,-0.8167,0.13,24.6052,0.8056,1.2489,0.2011,0.4243,3.0445,2.4436,29.0781,1.0
600712.SH,2017,0.1954,-1.4154,0.16,21.5309,0.5265,5.1908,0.0017,0.4716,3.0445,1.8517,28.0242,1.0
600714.SH,2017,0.2422,-1.1404,0.19,20.3839,0.173,7.5394,0.0205,0.6544,3.0445,4.2277,29.3693,1.0
600716.SH,2017,0.2847,-0.9213,0.25,23.0059,0.6311,1.9854,-0.0454,0.5284,3.0445,2.6066,29.0781,1.0
600717.SH,2017,0.4077,-0.3736,0.01,24.1978,0.3704,0.8306,0.0478,0.6118,3.0445,3.605,28.3887,1.0
600720.SH,2017,0.2236,-1.2447,0.07,23.0902,0.4798,1.1432,0.1124,0.3612,3.0445,11.608,29.5575,1.0
600721.SH,2017,0.2327,-1.1929,-0.17,21.7471,0.1744,2.8181,-0.2816,0.5149,3.0445,1.7575,23.2439,1.0
600722.SH,2017,0.1672,-1.6053,0.53,20.9556,0.1146,7.1809,0.0383,0.5657,3.0445,7.8963,29.5575,1.0
600724.SH,2017,0.4345,-0.2634,-0.18,23.4636,0.7784,2.5046,-0.4057,0.7901,3.0445,0.7357,29.0781,1.0
600727.SH,2017,0.3302,-0.7073,0.17,21.1254,0.2741,3.4382,0.0698,0.3791,3.0445,4.284,29.5575,1.0
600728.SH,2017,0.1365,-1.8451,0.04,22.3163,0.4402,4.7808,0.0695,0.363,3.0445,3.5209,27.4795,0.0
600730.SH,2017,0.3404,-0.6617,0.07,22.2288,0.5615,3.6784,0.0249,0.2535,3.0445,2.6627,29.0781,1.0
600733.SH,2017,0,0,0.23,19.7324,0.3815,43.177,0.0409,0.0125,3.0445,0.0,29.5575,1.0
600735.SH,2017,0.1587,-1.6680,0.09,20.7422,0.2073,9.6525,0.093,0.5112,3.0445,4.6675,29.5575,0.0
600736.SH,2017,0.1681,-1.5990,-0.22,23.7412,0.6898,1.7002,0.1022,0.5178,3.0445,0.9508,29.0781,1.0
600738.SH,2017,0.4005,-0.4035,0.04,21.6015,0.4833,2.827,0.0842,0.5479,3.0445,1.8873,28.0242,0.0
600739.SH,2017,0.2932,-0.8799,-0.11,24.2274,0.3984,1.3734,0.0749,0.4328,3.0445,1.9308,28.0242,1.0
600740.SH,2017,0.1972,-1.4041,0.07,23.0943,0.7553,2.3109,0.0441,0.3941,3.0445,11.8841,29.5575,1.0
600742.SH,2017,0.2726,-0.9814,-0.16,22.8467,0.4138,1.3925,0.1057,0.3896,3.0445,3.3988,29.5575,0.0
600744.SH,2017,0.1715,-1.5748,0.09,23.6828,0.7888,2.3,-0.3247,0.3369,3.0445,4.2627,28.4807,1.0
600745.SH,2017,0.2721,-0.9839,-20.78,23.2789,0.6035,2.6705,0.0949,0.3886,3.0445,2.991,29.5575,0.0
600746.SH,2017,0.3911,-0.4428,0.26,20.2723,0.3108,8.76,0.1596,0.56,3.0445,3.8169,29.5575,1.0
600747.SH,2017,0.2950,-0.8714,0.14,21.6438,0.2189,3.8831,0.0159,0.1616,3.0445,2.4935,28.0242,0.0
600748.SH,2017,0.3547,-0.5985,-0.56,24.2768,0.7081,1.4815,0.0917,0.6915,3.0445,1.0487,29.0781,1.0
600749.SH,2017,0.1464,-1.7630,-0.01,21.0046,0.5939,8.3001,-0.1583,0.5234,3.0445,2.5254,23.6253,0.0
600750.SH,2017,0.2132,-1.3058,0.23,21.8436,0.1468,3.5347,0.1511,0.529,3.0445,2.3922,29.5575,1.0
600751.SH,2017,0.0811,-2.4277,0.00,25.4937,0.8553,1.3441,0.0628,0.9317,3.0445,1.6885,28.0242,0.0
600755.SH,2017,0.1437,-1.7847,0.20,24.7265,0.6729,0.7618,0.1523,0.3869,3.0445,7.3466,28.0242,1.0
600756.SH,2017,0.4929,-0.0283,0.04,21.8521,0.3384,3.6566,0.059,0.2557,3.0445,6.9665,27.4795,1.0
600759.SH,2017,0.2357,-1.1764,-0.19,23.5783,0.649,3.6448,-0.0422,0.5422,3.0445,3.7633,29.3693,0.0
600761.SH,2017,0.3584,-0.5825,-0.01,22.5765,0.2942,1.7423,0.0926,0.5509,3.0445,2.6604,29.5575,1.0
600763.SH,2017,0.2449,-1.1261,-0.05,20.9748,0.3012,11.9673,0.2339,0.5504,3.0445,2.5948,22.5279,0.0
600764.SH,2017,0.1728,-1.5657,0.09,20.9363,0.4767,14.4152,0.159,0.6865,3.0445,2.0634,29.5575,1.0
600765.SH,2017,0.1762,-1.5426,-0.15,23.3586,0.7104,2.76,0.046,0.5166,3.0445,4.021,29.5575,1.0
600766.SH,2017,0.3603,-0.5740,0.00,18.9186,0.6813,74.7428,0.0501,0.0674,3.0445,2.8024,29.3693,0.0
600767.SH,2017,0.3567,-0.5899,-0.29,20.4239,0.6319,19.4321,0.1771,0.2185,3.0445,3.5147,27.4795,0.0
600770.SH,2017,0.4430,-0.2291,-0.19,22.5685,0.2516,2.8405,0.0129,0.3257,3.0445,2.4545,25.5147,0.0
600773.SH,2017,0.1928,-1.4317,0.13,22.9502,0.7061,3.1927,0.0265,0.4928,3.0445,6.6422,29.0781,1.0
600775.SH,2017,0.3554,-0.5952,-0.03,22.3796,0.3301,3.1049,0.032,0.5403,3.0445,2.3658,29.5575,1.0
600776.SH,2017,0.3221,-0.7443,0.08,22.0704,0.2151,3.2045,0.0394,0.6549,3.0445,2.3661,29.5575,1.0
600779.SH,2017,0.1614,-1.6478,-0.11,21.5133,0.3331,6.3532,0.2255,0.6613,3.0445,3.8348,29.5575,0.0
600780.SH,2017,0.1776,-1.5329,0.08,23.214,0.6114,1.3518,0.0172,0.6641,3.0445,1.4858,28.4807,1.0
600782.SH,2017,0.1723,-1.5692,-0.19,24.0969,0.689,1.0256,0.2986,0.7603,3.0445,5.1678,29.5575,1.0
600783.SH,2017,0.4417,-0.2344,0.12,22.4519,0.3148,4.3625,0.0119,0.6926,3.0445,1.8121,25.5147,1.0
600785.SH,2017,0.2510,-1.0935,-0.01,22.2167,0.5794,3.2047,0.0537,0.7923,2.9957,0.9651,28.0242,0.0
600787.SH,2017,0.3231,-0.7395,-0.20,23.7057,0.5143,2.0814,0.1335,0.6114,2.9957,3.3719,28.3887,1.0
600789.SH,2017,0.2997,-0.8488,0.03,22.1531,0.5256,2.8492,0.06,0.2885,2.9957,5.4075,29.5575,1.0
600790.SH,2017,0.4284,-0.2885,0.00,22.8225,0.4187,1.5893,0.0771,0.5144,2.9957,2.0359,25.4649,1.0
600791.SH,2017,0.3156,-0.7741,-0.24,22.3527,0.6028,1.8331,0.0316,0.4592,2.9957,9.0191,29.0781,1.0
600792.SH,2017,0.2220,-1.2540,0.02,22.5817,0.5263,1.8868,-0.0165,0.7209,2.9957,2.8797,29.5575,1.0
600794.SH,2017,0.2123,-1.3110,0.00,22.0149,0.3914,3.4378,-0.1193,0.3682,2.9957,2.1929,28.3887,1.0
600798.SH,2017,0.1647,-1.6236,-0.03,22.5776,0.4965,1.7118,0.0537,0.4531,2.9957,5.6453,28.3887,1.0
600800.SH,2017,0.5058,0.0232,0.02,20.211,0.8598,75.1851,-0.6725,0.2781,3.1781,6.8066,29.5575,1.0
600801.SH,2017,0.0844,-2.3837,0.01,24.0348,0.5853,0.8866,0.1898,0.6819,3.1355,7.962,29.5575,0.0
600802.SH,2017,0.2716,-0.9864,-0.05,22.2123,0.709,3.0851,-0.2241,0.3934,3.1355,11.7795,29.5575,1.0
600803.SH,2017,0.1185,-2.0065,0.09,23.6343,0.7137,2.6722,0.1286,0.7122,3.1355,4.3211,29.5575,0.0
600804.SH,2017,0.2766,-0.9615,-0.14,23.7441,0.6885,4.8548,0.1105,0.3334,3.1355,1.8424,27.4795,0.0
600807.SH,2017,0.1899,-1.4510,0.07,22.9655,0.7953,6.3036,-0.127,0.2921,3.1355,7.8182,29.0781,0.0
600808.SH,2017,0.1734,-1.5618,0.08,24.9166,0.6667,0.9235,0.1892,0.6494,3.1355,3.3641,29.5575,1.0
600809.SH,2017,0.2196,-1.2680,0.13,22.727,0.3478,4.4787,0.1904,0.8458,3.1355,2.423,29.5575,1.0
600810.SH,2017,0.4448,-0.2219,0.08,23.0114,0.712,1.6035,0.0269,0.5109,3.1355,4.0237,29.5575,1.0
600812.SH,2017,0.1677,-1.6020,0.11,23.5252,0.6789,1.9294,0.0035,0.6663,3.1355,1.3559,29.5575,1.0
600814.SH,2017,0.1730,-1.5644,-0.01,22.3295,0.3947,2.6948,0.0796,0.6945,3.1355,7.273,28.0242,1.0
600815.SH,2017,0.5036,0.0145,-0.06,22.7597,0.9354,12.469,0.2676,0.4855,3.1355,2.4774,29.5575,1.0
600817.SH,2017,0.1814,-1.5068,4.45,18.951,0.2438,26.0299,-0.0156,0.3429,3.1355,1.393,29.0781,0.0
600818.SH,2017,0.3054,-0.8216,0.07,20.7331,0.3649,14.3311,0.0496,0.5607,3.1355,3.3864,29.5575,0.0
600820.SH,2017,0.4583,-0.1671,0.14,24.9282,0.7277,1.8968,0.0978,0.5393,3.1355,1.8604,28.1093,1.0
600821.SH,2017,0.4283,-0.2888,0.20,21.2866,0.7125,9.7035,0.017,0.3602,3.1355,3.4047,28.0242,1.0
600822.SH,2017,0.2059,-1.3495,0.01,21.4547,0.7165,13.9089,0.0596,0.6079,3.1355,6.3191,28.0242,1.0
600825.SH,2017,0.4602,-0.1597,-0.06,22.0967,0.3422,3.4955,0.0172,0.579,3.1355,0.9232,24.9917,1.0
600826.SH,2017,0.3736,-0.5169,0.13,22.3308,0.2197,2.9509,0.079,0.5953,3.1355,1.5944,28.0242,1.0
600827.SH,2017,0.2829,-0.9303,0.10,24.5434,0.5609,1.2386,0.0508,0.6585,3.1355,2.5909,28.0242,1.0
600828.SH,2017,0.1790,-1.5230,0.09,23.4857,0.7184,3.2818,0.2504,0.6229,3.1355,4.3883,28.0242,0.0
600829.SH,2017,0.3287,-0.7139,-0.04,22.294,0.6574,5.3774,0.1632,0.8262,3.1355,0.758,28.0242,1.0
600830.SH,2017,0.3406,-0.6607,-0.16,21.9099,0.3418,2.3912,0.0413,0.3978,3.1355,4.8157,25.4649,1.0
600833.SH,2017,0.3882,-0.4550,-0.08,20.8933,0.3791,6.2289,0.0606,0.5309,3.1355,2.6554,28.0242,1.0
600834.SH,2017,0.2372,-1.1683,0.07,21.5744,0.3881,4.9291,0.0356,0.6204,3.1355,0.8951,28.3887,1.0
600838.SH,2017,0.4624,-0.1507,0.04,21.1088,0.1541,5.8822,0.0775,0.2905,3.1355,6.0541,28.0242,1.0
600839.SH,2017,0.4620,-0.1525,0.11,24.8153,0.6654,0.9634,0.0279,0.3161,3.1355,2.6504,29.5575,1.0
600843.SH,2017,0.2559,-1.0672,0.01,21.9778,0.3702,3.476,0.098,0.4752,3.1355,4.1346,29.5575,0.0
600845.SH,2017,0.4338,-0.2666,-0.06,22.6458,0.3789,2.8897,0.0986,0.8243,3.1355,1.4611,27.4795,1.0
600847.SH,2017,0.3184,-0.7611,0.09,20.4035,0.0781,6.0666,0.023,0.3403,3.1355,2.2317,29.5575,0.0
600848.SH,2017,0.2141,-1.3005,-0.05,23.0963,0.5103,3.1028,0.0663,0.5946,3.1355,6.7285,29.0781,1.0
600850.SH,2017,0.3282,-0.7165,-0.01,22.3643,0.6085,5.024,0.146,0.5355,3.1355,1.2826,27.4795,1.0
600851.SH,2017,0.2740,-0.9742,0.07,22.4148,0.2006,2.8205,0.0267,0.4635,3.1355,1.3134,29.5575,0.0
600853.SH,2017,0.1972,-1.4038,0.25,22.9704,0.9117,4.4545,0.1565,0.3384,3.1355,4.6935,28.1093,1.0
600854.SH,2017,0.1157,-2.0337,-0.06,21.5489,0.1765,2.0442,0.0091,0.3985,3.1355,6.7521,29.5575,0.0
600855.SH,2017,0.3147,-0.7781,0.15,21.2648,0.4354,9.8726,0.0116,0.485,3.1355,2.9957,29.5575,1.0
600856.SH,2017,0.1312,-1.8900,0.13,23.2619,0.6827,3.8965,0.1493,0.2355,3.1355,2.8075,28.4807,0.0
600857.SH,2017,0.1883,-1.4611,-0.49,20.5277,0.2264,7.0631,-1.1384,0.2482,3.1355,2.0828,28.0242,0.0
600858.SH,2017,0.4766,-0.0936,-0.05,23.2084,0.7302,1.503,0.0164,0.624,3.1355,2.0031,28.0242,1.0
600859.SH,2017,0.2597,-1.0474,0.04,23.6018,0.4001,1.1843,0.0933,0.661,3.1355,1.4068,28.0242,1.0
600860.SH,2017,0.5140,0.0559,0.20,21.3384,0.4746,4.2283,0.0361,0.5809,3.1355,1.9671,29.5575,1.0
600862.SH,2017,0.2380,-1.1636,-0.14,22.8662,0.5963,4.9548,0.0243,0.5326,3.1355,2.8847,29.5575,1.0
600863.SH,2017,0.3689,-0.5368,0.01,24.4042,0.6597,1.3245,0.0514,0.6438,3.1355,1.0674,28.4807,1.0
600865.SH,2017,0.3950,-0.4264,-0.45,21.4511,0.1753,2.9987,0.0285,0.4658,3.1355,4.0315,28.0242,0.0
600866.SH,2017,0.5803,0.3241,-0.05,21.2599,0.373,4.2609,-0.1593,0.3748,3.1355,2.3317,29.5575,1.0
600867.SH,2017,0.2287,-1.2159,-0.05,22.2655,0.1561,7.9039,0.1979,0.6578,3.1355,1.0735,29.5575,0.0
600868.SH,2017,0.4769,-0.0925,0.00,21.6398,0.1018,5.0959,0.0515,0.0562,3.1355,4.8274,28.4807,0.0
600870.SH,2017,0.4776,-0.0896,0.49,17.7785,0.7174,324.1183,-1.3883,0.3463,3.091,1.4853,29.5575,0.0
600871.SH,2017,0.1601,-1.6575,-0.07,25.034,0.8867,6.185,0.0,0.5042,3.091,3.3329,29.3693,1.0
600872.SH,2017,0.2452,-1.1241,-0.02,22.3147,0.371,3.631,0.1521,0.6347,3.091,2.1512,29.5575,0.0
600873.SH,2017,0.1651,-1.6209,0.01,23.5555,0.4526,2.1798,0.1314,0.0868,3.091,2.9178,29.5575,0.0
600874.SH,2017,0.1809,-1.5105,0.05,23.088,0.5298,2.0139,0.1033,0.6804,3.091,9.102,28.4807,1.0
600875.SH,2017,0.4296,-0.2833,0.20,25.1624,0.7393,1.0699,0.0313,0.569,3.091,1.5202,29.5575,1.0
600876.SH,2017,0.3918,-0.4398,-0.01,21.0285,0.6144,15.7252,0.0385,0.6207,3.091,7.0154,29.5575,1.0
600877.SH,2017,0.5351,0.1408,0.21,21.3309,1.1575,-22.2515,1.7019,0.2244,3.091,5.0453,29.5575,1.0
600879.SH,2017,0.2663,-1.0137,0.02,23.6979,0.5497,2.1128,0.0488,0.3756,3.091,7.622,29.5575,1.0
600880.SH,2017,0.4816,-0.0735,0.10,22.1917,0.1151,2.4927,0.0096,0.1086,3.091,3.2405,24.9917,1.0
600881.SH,2017,0.3721,-0.5233,-0.03,24.6722,0.7244,0.9947,0.0592,0.2632,3.091,2.6305,29.5575,1.0
600882.SH,2017,0.3125,-0.7884,0.11,21.4984,0.4657,3.6966,0.0037,0.271,3.091,1.4004,29.5575,0.0
600883.SH,2017,0.3867,-0.4614,0.04,20.3779,0.0827,5.8455,0.042,0.5178,3.091,2.6602,29.5575,0.0
600885.SH,2017,0.3251,-0.7305,0.23,22.5947,0.302,3.7473,0.1791,0.7499,3.0445,1.1503,29.5575,0.0
600886.SH,2017,0.2777,-0.9561,0.03,26.0379,0.721,0.798,0.1091,0.656,3.0445,1.2241,28.4807,1.0
600888.SH,2017,0.2249,-1.2372,0.05,22.9952,0.6615,1.5295,0.0365,0.3903,3.0445,6.1182,29.5575,0.0
600889.SH,2017,0.2414,-1.1449,-0.07,21.5246,0.3315,2.7105,-0.2295,0.4352,3.0445,4.3462,29.5575,1.0
600891.SH,2017,0.2189,-1.2718,0.39,22.3505,0.4261,1.9703,0.0548,0.4834,3.0445,4.5269,29.5575,0.0
600893.SH,2017,0.2246,-1.2389,0.19,24.6221,0.6174,3.3791,0.0524,0.7094,3.0445,1.2966,29.5575,1.0
600894.SH,2017,0.4049,-0.3852,0.22,22.9816,0.2593,1.6587,0.0584,0.6619,3.0445,1.1973,29.5575,1.0
600895.SH,2017,0.2559,-1.0675,-0.14,23.6698,0.5548,3.2374,0.0561,0.5899,3.0445,1.1389,25.5147,1.0
600896.SH,2017,0.1968,-1.4061,-0.08,22.1974,0.3812,3.994,-0.3424,0.33,3.0445,1.2863,22.5279,0.0
600897.SH,2017,0.3813,-0.4841,0.03,22.184,0.1876,1.9235,0.1216,0.7515,3.0445,1.9519,28.3887,1.0
600960.SH,2017,0.3028,-0.8340,0.12,22.6248,0.3506,1.9367,0.0543,0.5108,2.5649,1.9971,29.5575,1.0
600961.SH,2017,0.2778,-0.9553,0.04,22.4982,0.9732,37.4052,0.3036,0.5082,2.5649,2.4325,29.5575,1.0
600962.SH,2017,0.3322,-0.6981,0.08,21.2901,0.4389,5.4214,0.0101,0.4974,2.5649,3.9959,29.5575,1.0
600963.SH,2017,0.3681,-0.5405,-0.02,23.3785,0.6308,1.6225,0.0516,0.4828,2.5649,3.6833,29.5575,1.0
600965.SH,2017,0.2076,-1.3397,-0.01,21.6798,0.3253,6.099,0.087,0.1923,2.5649,1.3777,24.4528,0.0
600967.SH,2017,0.2101,-1.3242,-0.05,23.3676,0.4811,1.5289,0.0699,0.4567,2.5649,4.6048,29.5575,1.0
600969.SH,2017,0.4542,-0.1835,0.18,23.1303,0.6795,1.4162,0.0093,0.3827,2.5649,2.0617,28.4807,1.0
600970.SH,2017,0.1434,-1.7873,0.42,24.0483,0.7403,1.7227,0.1347,0.5657,2.4849,7.6806,28.1093,1.0
600973.SH,2017,0.4238,-0.3072,0.14,23.1335,0.6444,1.8401,0.024,0.3676,2.5649,2.389,29.5575,1.0
600975.SH,2017,0.5142,0.0569,-0.07,21.3729,0.3224,4.3815,0.037,0.323,2.5649,2.4927,24.4528,1.0
600976.SH,2017,0.4166,-0.3368,0.09,21.3154,0.4295,4.7492,0.0862,0.5,2.5649,1.6812,28.0242,0.0
600978.SH,2017,0.1885,-1.4600,-0.09,23.4943,0.5356,2.1289,0.0984,0.4702,2.5649,2.0382,29.5575,0.0
600980.SH,2017,0.3279,-0.7178,-0.03,20.4668,0.3285,7.2066,0.08,0.3634,2.5649,6.0332,29.5575,1.0
600981.SH,2017,0.4274,-0.2926,0.05,24.1561,0.7023,2.0651,0.0872,0.0703,2.5649,3.2389,28.0242,1.0
600982.SH,2017,0.5926,0.3746,-0.00,21.9679,0.2517,1.5813,0.039,0.3393,2.5649,2.1726,28.4807,1.0
600983.SH,2017,0.1935,-1.4272,-0.12,22.9182,0.5468,2.1959,-0.0244,0.3781,2.5649,1.582,29.5575,0.0
600984.SH,2017,0.2631,-1.0300,-0.01,22.4324,0.4218,1.7424,0.0071,0.288,2.5649,7.8929,29.5575,1.0
600986.SH,2017,0.4289,-0.2864,0.16,22.823,0.4797,3.1176,0.0855,0.1871,2.5649,2.4952,27.4795,0.0
600987.SH,2017,0.3345,-0.6881,0.05,22.1781,0.178,2.2265,0.1728,0.6339,2.5649,2.285,29.5575,0.0
600988.SH,2017,0.5165,0.0662,0.27,22.0699,0.3388,4.3259,0.1051,0.0179,2.5649,5.1241,29.3693,0.0
600990.SH,2017,0.1494,-1.7393,0.03,22.0214,0.684,8.5868,0.1033,0.6353,2.5649,2.7391,29.5575,1.0
600993.SH,2017,0.3065,-0.8164,-0.02,21.6382,0.1922,4.2681,0.1541,0.4814,2.5649,3.9546,28.0242,0.0
600995.SH,2017,0.3959,-0.4226,-0.03,21.6924,0.3956,4.0163,0.0951,0.3497,2.5649,5.3655,28.4807,1.0
600997.SH,2017,0.1874,-1.4671,0.02,23.7358,0.5695,1.0081,0.0578,0.6231,2.5649,3.7076,29.5575,1.0
601002.SH,2017,0.2583,-1.0547,0.01,22.1685,0.4022,2.9751,0.0616,0.4503,2.3026,8.5223,29.5575,0.0
601006.SH,2017,0.1891,-1.4561,0.01,25.5394,0.2584,1.1494,0.135,0.7767,2.3979,0.7233,28.3887,1.0
601007.SH,2017,0.4145,-0.3453,-0.07,21.8414,0.3249,2.0468,0.0721,0.539,2.3026,3.0094,24.8722,1.0
601008.SH,2017,0.2120,-1.3130,-0.00,22.6509,0.523,1.6969,0.0027,0.4879,2.3026,8.2853,28.3887,1.0
601333.SH,2017,0.3271,-0.7214,-0.00,24.2158,0.1473,1.2361,0.0359,0.575,2.3979,1.9092,28.3887,1.0
601588.SH,2017,0.1245,-1.9505,0.11,24.8875,0.8096,1.0284,0.0941,0.6376,2.3979,1.4446,29.0781,1.0
601600.SH,2017,0.1945,-1.4207,-0.02,25.9707,0.7076,1.0351,0.0355,0.6241,2.3026,2.7003,29.5575,1.0
601808.SH,2017,0.2272,-1.2241,-0.01,25.1121,0.5618,1.4066,0.0009,0.8766,2.3026,0.6139,29.3693,1.0
601857.SH,2017,0.2859,-0.9155,-0.07,28.5052,0.4272,1.017,0.019,0.9866,2.3026,0.0597,29.3693,1.0
601872.SH,2017,0.4074,-0.3746,0.01,24.3769,0.4569,1.2483,0.0389,0.6639,2.3979,0.8242,28.3887,1.0
601918.SH,2017,0.3654,-0.5520,-0.02,24.1705,0.8444,2.501,0.0048,0.5088,2.3026,2.6239,29.3693,1.0
601919.SH,2017,0.2680,-1.0050,0.05,25.5079,0.6862,1.2322,0.1377,0.7573,2.3026,1.1674,28.3887,1.0
601999.SH,2017,0.3563,-0.5915,-0.07,21.8444,0.3692,3.1937,0.0811,0.6973,2.3026,1.4526,24.9917,1.0
